0 0.17317708333333334 0.70703125 0.04296875 0.11588541666666667
0 0.22005208333333334 0.4596354166666667 0.037760416666666664 0.5703125
0 0.22005208333333334 0.7018229166666666 0.036458333333333336 0.09765625
0 0.17447916666666666 0.3984375 0.046875 0.62109375
0 0.08723958333333333 0.7200520833333334 0.08333333333333333 0.15364583333333334
0 0.26171875 0.4518229166666667 0.02734375 0.38671875
0 0.26171875 0.6953125 0.026041666666666668 0.08333333333333333
0 0.3763020833333333 0.5455729166666666 0.041666666666666664 0.3541666666666667
0 0.2864583333333333 0.4752604166666667 0.020833333333333332 0.3372395833333333
0 0.0859375 0.3958333333333333 0.08333333333333333 0.7916666666666666
0 0.026041666666666668 0.7239583333333334 0.022135416666666668 0.16536458333333334
0 0.026041666666666668 0.3997395833333333 0.022135416666666668 0.7981770833333334
0 0.2864583333333333 0.6927083333333334 0.015625 0.07161458333333333
0 0.44140625 0.5442708333333334 0.08333333333333333 0.3567708333333333