0 0.17057291666666666 0.2955729166666667 0.2903645833333333 0.22916666666666666
0 0.8294270833333334 0.29296875 0.2903645833333333 0.22916666666666666
0 0.5013020833333334 0.07291666666666667 0.3059895833333333 0.14583333333333334
0 0.8294270833333334 0.48046875 0.2903645833333333 0.10677083333333333
0 0.17057291666666666 0.4791666666666667 0.2916666666666667 0.11067708333333333
0 0.17057291666666666 0.11328125 0.2903645833333333 0.2265625
0 0.8294270833333334 0.07421875 0.2903645833333333 0.1484375
0 0.5013020833333334 0.4817708333333333 0.3059895833333333 0.11588541666666667
0 0.5013020833333334 0.29296875 0.3059895833333333 0.22916666666666666
0 0.8294270833333334 0.64453125 0.2916666666666667 0.11067708333333333
0 0.17057291666666666 0.64453125 0.2916666666666667 0.11588541666666667
0 0.5013020833333334 0.64453125 0.3059895833333333 0.11067708333333333
0 0.8294270833333334 0.8333333333333334 0.2903645833333333 0.23567708333333334
0 0.5 0.83203125 0.30859375 0.23958333333333334