0 0.31640625 0.41015625 0.10677083333333333 0.4544270833333333
0 0.4713541666666667 0.3098958333333333 0.04296875 0.51953125
0 0.1171875 0.4348958333333333 0.23046875 0.5598958333333334
0 0.4153645833333333 0.4921875 0.046875 0.15234375
0 0.41796875 0.4921875 0.048177083333333336 0.19010416666666666
0 0.5377604166666666 0.3541666666666667 0.024739583333333332 0.3828125
0 0.4153645833333333 0.2877604166666667 0.046875 0.5703125
0 0.5729166666666666 0.3802083333333333 0.018229166666666668 0.3203125
0 0.51171875 0.3411458333333333 0.01953125 0.41796875
0 0.31640625 0.08203125 0.10286458333333333 0.15885416666666666
0 0.47265625 0.4973958333333333 0.03125 0.14973958333333334
0 0.47265625 0.04296875 0.048177083333333336 0.08463541666666667