0 0.875 0.40234375 0.059895833333333336 0.7890625
0 0.13151041666666666 0.4088541666666667 0.059895833333333336 0.7447916666666666
0 0.6692708333333334 0.4622395833333333 0.13151041666666666 0.51171875
0 0.9622395833333334 0.4348958333333333 0.07552083333333333 0.85546875
0 0.8072916666666666 0.40234375 0.040364583333333336 0.65625
0 0.044270833333333336 0.43359375 0.078125 0.8580729166666666
0 0.76171875 0.4231770833333333 0.02734375 0.5559895833333334
0 0.19401041666666666 0.43359375 0.032552083333333336 0.6276041666666666
0 0.48046875 0.4713541666666667 0.21484375 0.15885416666666666
0 0.30859375 0.4635416666666667 0.10807291666666667 0.5052083333333334
0 0.23177083333333334 0.4296875 0.0234375 0.53125
0 0.4830729166666667 0.5989583333333334 0.22395833333333334 0.0859375
0 0.4817708333333333 0.2903645833333333 0.22135416666666666 0.16666666666666666