0 0.8997395833333334 0.2890625 0.0625 0.4270833333333333
0 0.80078125 0.25390625 0.040364583333333336 0.3216145833333333
0 0.80078125 0.5690104166666666 0.04296875 0.2630208333333333
0 0.9700520833333334 0.328125 0.05859375 0.5364583333333334
0 0.8971354166666666 0.024739583333333332 0.0625 0.049479166666666664
0 0.7057291666666666 0.048177083333333336 0.0234375 0.09505208333333333
0 0.7135416666666666 0.22395833333333334 0.020833333333333332 0.234375
0 0.7408854166666666 0.4921875 0.02734375 0.22265625
0 0.8984375 0.7265625 0.06640625 0.46875
0 0.6315104166666666 0.20182291666666666 0.020833333333333332 0.15885416666666666
0 0.640625 0.0546875 0.020833333333333332 0.109375
0 0.671875 0.21354166666666666 0.0234375 0.19791666666666666
0 0.96875 0.7825520833333334 0.0625 0.4231770833333333
0 0.6302083333333334 0.3802083333333333 0.0234375 0.15885416666666666
0 0.5963541666666666 0.19270833333333334 0.020833333333333332 0.12369791666666667
0 0.8372395833333334 0.032552083333333336 0.03125 0.06510416666666667
0 0.5703125 0.18229166666666666 0.022135416666666668 0.09505208333333333
0 0.6666666666666666 0.41796875 0.0234375 0.19791666666666666
0 0.6731770833333334 0.052083333333333336 0.022135416666666668 0.10416666666666667
0 0.84375 0.6575520833333334 0.040364583333333336 0.3828125