0 0.9075520833333334 0.18098958333333334 0.18489583333333334 0.3619791666666667
0 0.390625 0.6536458333333334 0.06901041666666667 0.2981770833333333
0 0.90625 0.6171875 0.1875 0.515625
0 0.4739583333333333 0.6471354166666666 0.08463541666666667 0.3346354166666667
0 0.26171875 0.6627604166666666 0.05078125 0.24609375
0 0.3177083333333333 0.6575520833333334 0.0546875 0.265625
0 0.2903645833333333 0.3828125 0.109375 0.2903645833333333
0 0.4361979166666667 0.30859375 0.16015625 0.3671875
0 0.7252604166666666 0.6315104166666666 0.14453125 0.4401041666666667
0 0.5846354166666666 0.640625 0.11197916666666667 0.37890625
0 0.6640625 0.22135416666666666 0.265625 0.4427083333333333