0 0.13802083333333334 0.53515625 0.09765625 0.5533854166666666
0 0.7096354166666666 0.5442708333333334 0.10677083333333333 0.4817708333333333
0 0.58984375 0.546875 0.09765625 0.4596354166666667
0 0.4778645833333333 0.5494791666666666 0.09765625 0.4557291666666667
0 0.2591145833333333 0.5442708333333334 0.07161458333333333 0.5091145833333334
0 0.3567708333333333 0.55078125 0.10677083333333333 0.4778645833333333
0 0.9127604166666666 0.5403645833333334 0.08463541666666667 0.5533854166666666
0 0.033854166666666664 0.53125 0.040364583333333336 0.6158854166666666
0 0.7994791666666666 0.54296875 0.0625 0.5130208333333334
0 0.9908854166666666 0.5286458333333334 0.018229166666666668 0.62890625
0 0.85546875 0.5377604166666666 0.022135416666666668 0.5130208333333334