0 0.2877604166666667 0.6940104166666666 0.016927083333333332 0.07421875
0 0.02734375 0.7252604166666666 0.0234375 0.16796875
0 0.17447916666666666 0.4231770833333333 0.046875 0.671875
0 0.02734375 0.40234375 0.0234375 0.796875
0 0.08723958333333333 0.7213541666666666 0.08463541666666667 0.15494791666666666
0 0.22135416666666666 0.703125 0.037760416666666664 0.09895833333333333
0 0.2877604166666667 0.4765625 0.022135416666666668 0.3385416666666667
0 0.08854166666666667 0.3971354166666667 0.0859375 0.7942708333333334
0 0.26171875 0.453125 0.028645833333333332 0.3880208333333333
0 0.17447916666666666 0.7083333333333334 0.044270833333333336 0.1171875
0 0.4427083333333333 0.5455729166666666 0.08463541666666667 0.3580729166666667
0 0.2630208333333333 0.6966145833333334 0.02734375 0.0859375
0 0.3776041666666667 0.546875 0.04296875 0.3567708333333333
0 0.22005208333333334 0.4609375 0.0390625 0.5716145833333334