0 0.67578125 0.4166666666666667 0.052083333333333336 0.2682291666666667
0 0.24479166666666666 0.41796875 0.048177083333333336 0.2565104166666667
0 0.6158854166666666 0.4166666666666667 0.052083333333333336 0.2682291666666667
0 0.5559895833333334 0.4166666666666667 0.05078125 0.2682291666666667
0 0.41796875 0.3893229166666667 0.03125 0.45703125
0 0.9283854166666666 0.4036458333333333 0.033854166666666664 0.79296875
0 0.8893229166666666 0.3815104166666667 0.028645833333333332 0.7434895833333334
0 0.9713541666666666 0.4283854166666667 0.026041666666666668 0.8502604166666666
0 0.24348958333333334 0.4231770833333333 0.061197916666666664 0.58203125
0 0.8307291666666666 0.3932291666666667 0.028645833333333332 0.578125
0 0.76171875 0.4140625 0.015625 0.3997395833333333
0 0.053385416666666664 0.39453125 0.0390625 0.7825520833333334
0 0.7513020833333334 0.41796875 0.015625 0.3645833333333333
0 0.7838541666666666 0.4075520833333333 0.018229166666666668 0.4427083333333333
0 0.3515625 0.3502604166666667 0.0546875 0.5950520833333334