0 0.2760416666666667 0.36328125 0.07291666666666667 0.16666666666666666
0 0.15494791666666666 0.41015625 0.15234375 0.2799479166666667
0 0.27734375 0.6197916666666666 0.07421875 0.24609375
0 0.3645833333333333 0.4921875 0.029947916666666668 0.12630208333333334
0 0.3697916666666667 0.328125 0.026041666666666668 0.09505208333333333
0 0.15494791666666666 0.7903645833333334 0.15885416666666666 0.4127604166666667
0 0.03515625 0.8802083333333334 0.0703125 0.23567708333333334
0 0.3997395833333333 0.3177083333333333 0.018229166666666668 0.07682291666666667
0 0.3359375 0.3372395833333333 0.026041666666666668 0.11328125
0 0.036458333333333336 0.4322916666666667 0.0703125 0.3346354166666667
0 0.27734375 0.8723958333333334 0.07682291666666667 0.24609375
0 0.3971354166666667 0.4375 0.020833333333333332 0.08854166666666667
0 0.3984375 0.9440104166666666 0.15625 0.10677083333333333