0 0.7018229166666666 0.4440104166666667 0.07421875 0.4661458333333333
0 0.57421875 0.43359375 0.15755208333333334 0.4466145833333333
0 0.8489583333333334 0.4036458333333333 0.061197916666666664 0.68359375
0 0.03515625 0.4049479166666667 0.0703125 0.8098958333333334
0 0.2903645833333333 0.43359375 0.07682291666666667 0.4505208333333333
0 0.19140625 0.4153645833333333 0.0234375 0.5716145833333334
0 0.796875 0.421875 0.016927083333333332 0.5533854166666666
0 0.9544270833333334 0.4270833333333333 0.09114583333333333 0.84375
0 0.3841145833333333 0.4361979166666667 0.08854166666666667 0.4505208333333333
0 0.12890625 0.3958333333333333 0.055989583333333336 0.6888020833333334
0 0.4153645833333333 0.4348958333333333 0.14453125 0.453125
0 0.4635416666666667 0.4127604166666667 0.0546875 0.4049479166666667