0 0.6588541666666666 0.3984375 0.14973958333333334 0.7356770833333334
0 0.5559895833333334 0.4348958333333333 0.028645833333333332 0.4908854166666667
0 0.23177083333333334 0.4765625 0.053385416666666664 0.19140625
0 0.51171875 0.44140625 0.04296875 0.4283854166666667
0 0.8776041666666666 0.46484375 0.23697916666666666 0.91796875
0 0.3984375 0.4713541666666667 0.020833333333333332 0.23828125
0 0.4830729166666667 0.453125 0.018229166666666668 0.3619791666666667
0 0.3203125 0.4752604166666667 0.032552083333333336 0.17447916666666666
0 0.3372395833333333 0.4739583333333333 0.022135416666666668 0.17447916666666666
0 0.19010416666666666 0.4739583333333333 0.01171875 0.19921875
0 0.3815104166666667 0.4778645833333333 0.01953125 0.19140625
0 0.17447916666666666 0.4348958333333333 0.01953125 0.3046875