0 0.9205729166666666 0.10546875 0.15885416666666666 0.203125
0 0.6888020833333334 0.23177083333333334 0.06380208333333333 0.07161458333333333
0 0.9049479166666666 0.046875 0.12760416666666666 0.09244791666666667
0 0.7799479166666666 0.4231770833333333 0.11328125 0.2747395833333333
0 0.91015625 0.4661458333333333 0.14322916666666666 0.24609375
0 0.9127604166666666 0.2825520833333333 0.14322916666666666 0.24348958333333334
0 0.52734375 0.3932291666666667 0.0234375 0.049479166666666664
0 0.5859375 0.4283854166666667 0.0390625 0.17838541666666666
0 0.6236979166666666 0.4231770833333333 0.05078125 0.2109375
0 0.6861979166666666 0.4127604166666667 0.06901041666666667 0.25390625
0 0.4934895833333333 0.45703125 0.018229166666666668 0.0859375
0 0.5520833333333334 0.4270833333333333 0.028645833333333332 0.16796875
0 0.5091145833333334 0.4505208333333333 0.018229166666666668 0.10677083333333333
0 0.625 0.2877604166666667 0.045572916666666664 0.08203125
0 0.5846354166666666 0.3229166666666667 0.036458333333333336 0.053385416666666664
0 0.6822916666666666 0.2734375 0.061197916666666664 0.06770833333333333
0 0.7786458333333334 0.19140625 0.11067708333333333 0.14583333333333334
0 0.7747395833333334 0.032552083333333336 0.07161458333333333 0.06380208333333333
0 0.6901041666666666 0.1640625 0.061197916666666664 0.12109375
0 0.7786458333333334 0.08723958333333333 0.11067708333333333 0.17447916666666666
0 0.78515625 0.27734375 0.10286458333333333 0.09635416666666667