0 0.7278645833333334 0.14453125 0.061197916666666664 0.2825520833333333
0 0.7330729166666666 0.5559895833333334 0.06380208333333333 0.3346354166666667
0 0.8411458333333334 0.0703125 0.09244791666666667 0.140625
0 0.90234375 0.4700520833333333 0.18880208333333334 0.4596354166666667
0 0.6848958333333334 0.15885416666666666 0.026041666666666668 0.2942708333333333
0 0.66015625 0.546875 0.0234375 0.27734375
0 0.6145833333333334 0.5533854166666666 0.01953125 0.203125
0 0.6614583333333334 0.20572916666666666 0.018229166666666668 0.2565104166666667
0 0.98828125 0.5286458333333334 0.020833333333333332 0.20572916666666666
0 0.8958333333333334 0.53125 0.08984375 0.171875
0 0.78125 0.08984375 0.018229166666666668 0.1796875
0 0.69140625 0.5611979166666666 0.018229166666666668 0.2825520833333333
0 0.7096354166666666 0.37109375 0.033854166666666664 0.09765625
0 0.5924479166666666 0.5533854166666666 0.022135416666666668 0.18619791666666666
0 0.6106770833333334 0.3125 0.01953125 0.13411458333333334
0 0.6901041666666666 0.15364583333333334 0.018229166666666668 0.2916666666666667