0 0.57421875 0.5520833333333334 0.0546875 0.21484375
0 0.6705729166666666 0.5052083333333334 0.048177083333333336 0.3697916666666667
0 0.3098958333333333 0.5260416666666666 0.032552083333333336 0.42578125
0 0.37109375 0.5546875 0.06640625 0.21484375
0 0.1640625 0.4583333333333333 0.10286458333333333 0.7942708333333334
0 0.8125 0.4765625 0.07682291666666667 0.6822916666666666
0 0.6236979166666666 0.5377604166666666 0.03125 0.2682291666666667
0 0.078125 0.41796875 0.046875 0.82421875
0 0.024739583333333332 0.4192708333333333 0.046875 0.8294270833333334
0 0.4778645833333333 0.5533854166666666 0.12109375 0.20963541666666666
0 0.9283854166666666 0.44921875 0.13932291666666666 0.8802083333333334
0 0.25390625 0.4791666666666667 0.053385416666666664 0.5052083333333334
0 0.51953125 0.5533854166666666 0.041666666666666664 0.20572916666666666
0 0.7213541666666666 0.5221354166666666 0.03515625 0.43359375
0 0.9674479166666666 0.5807291666666666 0.04296875 0.3932291666666667
0 0.7447916666666666 0.5208333333333334 0.040364583333333336 0.4166666666666667
0 0.4192708333333333 0.5572916666666666 0.024739583333333332 0.20052083333333334
0 0.62109375 0.5377604166666666 0.028645833333333332 0.25390625