0 0.96484375 0.13411458333333334 0.0703125 0.2669270833333333
0 0.07421875 0.15494791666666666 0.08333333333333333 0.30859375
0 0.8541666666666666 0.5638020833333334 0.09895833333333333 0.4752604166666667
0 0.3723958333333333 0.17057291666666666 0.09114583333333333 0.3411458333333333
0 0.14713541666666666 0.16796875 0.032552083333333336 0.3359375
0 0.006510416666666667 0.12760416666666666 0.013020833333333334 0.2552083333333333
0 0.96484375 0.57421875 0.0703125 0.5859375
0 0.05859375 0.5625 0.1171875 0.53125
0 0.24739583333333334 0.5572916666666666 0.14453125 0.3893229166666667
0 0.14713541666666666 0.5234375 0.03515625 0.3359375
0 0.24739583333333334 0.17057291666666666 0.14322916666666666 0.3411458333333333
0 0.7109375 0.5559895833333334 0.16927083333333334 0.3919270833333333
0 0.3723958333333333 0.55859375 0.09244791666666667 0.38671875
0 0.5208333333333334 0.5572916666666666 0.1953125 0.3893229166666667
0 0.5208333333333334 0.17057291666666666 0.1953125 0.3411458333333333
0 0.859375 0.16015625 0.08333333333333333 0.3203125
0 0.7096354166666666 0.16927083333333334 0.16796875 0.3385416666666667