0 0.6067708333333334 0.4479166666666667 0.07552083333333333 0.3958333333333333
0 0.8463541666666666 0.4713541666666667 0.026041666666666668 0.28515625
0 0.4817708333333333 0.43359375 0.029947916666666668 0.4609375
0 0.5716145833333334 0.4440104166666667 0.022135416666666668 0.4244791666666667
0 0.6354166666666666 0.4518229166666667 0.053385416666666664 0.3815104166666667
0 0.9427083333333334 0.48046875 0.02734375 0.24609375
0 0.80078125 0.4661458333333333 0.03125 0.3033854166666667
0 0.5221354166666666 0.4375 0.08072916666666667 0.4388020833333333
0 0.9075520833333334 0.4791666666666667 0.0234375 0.2643229166666667
0 0.88671875 0.4765625 0.0234375 0.2682291666666667
0 0.4114583333333333 0.4244791666666667 0.11458333333333333 0.4934895833333333
0 0.8255208333333334 0.4674479166666667 0.0234375 0.2994791666666667
0 0.6640625 0.453125 0.09114583333333333 0.3567708333333333
0 0.7174479166666666 0.45703125 0.0234375 0.3502604166666667
0 0.7760416666666666 0.46484375 0.0234375 0.328125
0 0.7473958333333334 0.4583333333333333 0.0390625 0.33203125
0 0.9635416666666666 0.4856770833333333 0.022135416666666668 0.23567708333333334
0 0.8697916666666666 0.47265625 0.02734375 0.2825520833333333