0 0.09895833333333333 0.4075520833333333 0.06640625 0.328125
0 0.23307291666666666 0.4231770833333333 0.033854166666666664 0.2903645833333333
0 0.6145833333333334 0.42578125 0.08723958333333333 0.19140625
0 0.8919270833333334 0.4388020833333333 0.07421875 0.171875
0 0.2877604166666667 0.41796875 0.029947916666666668 0.24479166666666666
0 0.3333333333333333 0.421875 0.029947916666666668 0.23046875
0 0.4322916666666667 0.4322916666666667 0.059895833333333336 0.20963541666666666
0 0.375 0.4270833333333333 0.033854166666666664 0.21744791666666666
0 0.8919270833333334 0.5963541666666666 0.07421875 0.12630208333333334
0 0.6979166666666666 0.4283854166666667 0.06770833333333333 0.18489583333333334
0 0.8177083333333334 0.5950520833333334 0.06380208333333333 0.12630208333333334
0 0.1953125 0.4114583333333333 0.01953125 0.2864583333333333
0 0.8033854166666666 0.4700520833333333 0.0859375 0.10546875
0 0.8723958333333334 0.7786458333333334 0.09505208333333333 0.19921875
0 0.4947916666666667 0.3893229166666667 0.0390625 0.28515625