0 0.6940104166666666 0.4088541666666667 0.13802083333333334 0.3776041666666667
0 0.13541666666666666 0.4088541666666667 0.1328125 0.3776041666666667
0 0.8450520833333334 0.4114583333333333 0.13541666666666666 0.3828125
0 0.2890625 0.4140625 0.13802083333333334 0.3828125
0 0.4283854166666667 0.41015625 0.11979166666666667 0.3802083333333333
0 0.0234375 0.41015625 0.046875 0.3736979166666667
0 0.4453125 0.6809895833333334 0.0859375 0.140625
0 0.5559895833333334 0.4114583333333333 0.11458333333333333 0.3776041666666667
0 0.5533854166666666 0.6783854166666666 0.11067708333333333 0.13411458333333334
0 0.9661458333333334 0.4088541666666667 0.06770833333333333 0.3802083333333333
0 0.1328125 0.7005208333333334 0.12630208333333334 0.171875
0 0.9674479166666666 0.6432291666666666 0.061197916666666664 0.057291666666666664
0 0.2890625 0.69921875 0.12630208333333334 0.16796875