0 0.06901041666666667 0.6041666666666666 0.13802083333333334 0.5104166666666666
0 0.2786458333333333 0.6015625 0.19661458333333334 0.4817708333333333
0 0.4921875 0.6015625 0.19140625 0.4674479166666667
0 0.703125 0.6002604166666666 0.19010416666666666 0.4817708333333333
0 0.4908854166666667 0.15494791666666666 0.18489583333333334 0.3046875
0 0.9166666666666666 0.5963541666666666 0.16666666666666666 0.4986979166666667
0 0.9127604166666666 0.14973958333333334 0.17447916666666666 0.2994791666666667
0 0.6940104166666666 0.15234375 0.1875 0.3046875
0 0.2864583333333333 0.15494791666666666 0.19010416666666666 0.3046875
0 0.07291666666666667 0.15104166666666666 0.14583333333333334 0.296875
0 0.8151041666666666 0.1484375 0.029947916666666668 0.296875