0 0.7213541666666666 0.7317708333333334 0.018229166666666668 0.22005208333333334
0 0.80078125 0.036458333333333336 0.03515625 0.07291666666666667
0 0.6848958333333334 0.64453125 0.015625 0.17838541666666666
0 0.71875 0.22916666666666666 0.016927083333333332 0.24088541666666666
0 0.7005208333333334 0.22005208333333334 0.018229166666666668 0.21875
0 0.71875 0.046875 0.016927083333333332 0.09375
0 0.8984375 0.026041666666666668 0.059895833333333336 0.052083333333333336
0 0.83984375 0.03125 0.0390625 0.0625
0 0.7018229166666666 0.4544270833333333 0.020833333333333332 0.21354166666666666
0 0.8893229166666666 0.95703125 0.045572916666666664 0.08463541666666667
0 0.7434895833333334 0.7890625 0.02734375 0.2578125
0 0.6588541666666666 0.3997395833333333 0.013020833333333334 0.171875
0 0.6575520833333334 0.9205729166666666 0.16927083333333334 0.07552083333333333
0 0.7421875 0.234375 0.0234375 0.2643229166666667
0 0.6471354166666666 0.3802083333333333 0.014322916666666666 0.15494791666666666
0 0.8984375 0.7239583333333334 0.0625 0.4375
0 0.7434895833333334 0.5078125 0.024739583333333332 0.2526041666666667
0 0.84375 0.6497395833333334 0.037760416666666664 0.3697916666666667
0 0.6692708333333334 0.2109375 0.015625 0.1875
0 0.6705729166666666 0.4127604166666667 0.015625 0.18098958333333334
0 0.9674479166666666 0.7838541666666666 0.06510416666666667 0.4322916666666667
0 0.62890625 0.8020833333333334 0.140625 0.055989583333333336
0 0.609375 0.71484375 0.11979166666666667 0.04296875
0 0.96875 0.016927083333333332 0.0625 0.033854166666666664
0 0.6979166666666666 0.049479166666666664 0.018229166666666668 0.09765625
0 0.8372395833333334 0.91796875 0.044270833333333336 0.1640625
0 0.8997395833333334 0.28515625 0.059895833333333336 0.42578125
0 0.7669270833333334 0.040364583333333336 0.022135416666666668 0.07942708333333333
0 0.76953125 0.5442708333333334 0.024739583333333332 0.2799479166666667
0 0.68359375 0.21744791666666666 0.014322916666666666 0.20442708333333334
0 0.7395833333333334 0.04296875 0.026041666666666668 0.0859375
0 0.6705729166666666 0.609375 0.018229166666666668 0.18098958333333334
0 0.7200520833333334 0.4765625 0.016927083333333332 0.22395833333333334
0 0.84375 0.22395833333333334 0.036458333333333336 0.4479166666666667
0 0.7682291666666666 0.24088541666666666 0.0234375 0.2864583333333333
0 0.6809895833333334 0.05078125 0.014322916666666666 0.1015625
0 0.96875 0.30859375 0.061197916666666664 0.4986979166666667
0 0.8046875 0.8815104166666666 0.036458333333333336 0.23307291666666666
0 0.6848958333333334 0.4309895833333333 0.013020833333333334 0.19010416666666666
0 0.703125 0.68359375 0.024739583333333332 0.20963541666666666
0 0.7708333333333334 0.8385416666666666 0.0234375 0.2669270833333333
0 0.8033854166666666 0.5950520833333334 0.036458333333333336 0.3294270833333333
0 0.8020833333333334 0.20833333333333334 0.036458333333333336 0.41015625
0 0.66796875 0.053385416666666664 0.015625 0.10546875