0 0.26953125 0.30078125 0.17447916666666666 0.5989583333333334
0 0.4270833333333333 0.3072916666666667 0.10286458333333333 0.6106770833333334
0 0.63671875 0.3046875 0.08072916666666667 0.6015625
0 0.83203125 0.3723958333333333 0.057291666666666664 0.421875
0 0.08463541666666667 0.3020833333333333 0.16536458333333334 0.6028645833333334
0 0.2682291666666667 0.86328125 0.1796875 0.26953125
0 0.94921875 0.3489583333333333 0.08854166666666667 0.4791666666666667
0 0.5403645833333334 0.30078125 0.078125 0.5963541666666666
0 0.734375 0.09375 0.07942708333333333 0.18619791666666666
0 0.8502604166666666 0.049479166666666664 0.09505208333333333 0.09765625
0 0.42578125 0.8229166666666666 0.109375 0.3463541666666667
0 0.7317708333333334 0.4153645833333333 0.08072916666666667 0.37890625
0 0.2708333333333333 0.6236979166666666 0.171875 0.06380208333333333
0 0.8828125 0.3658854166666667 0.036458333333333336 0.4309895833333333
0 0.75390625 0.4309895833333333 0.037760416666666664 0.3125