0 0.7565104166666666 0.4140625 0.10286458333333333 0.20052083333333334
0 0.6380208333333334 0.4140625 0.10286458333333333 0.20052083333333334
0 0.8776041666666666 0.4127604166666667 0.11588541666666667 0.19661458333333334
0 0.8776041666666666 0.5625 0.11588541666666667 0.07552083333333333
0 0.5247395833333334 0.5611979166666666 0.10546875 0.07161458333333333
0 0.7565104166666666 0.5611979166666666 0.10286458333333333 0.07161458333333333
0 0.640625 0.2682291666666667 0.10286458333333333 0.07161458333333333
0 0.6393229166666666 0.5625 0.10026041666666667 0.07552083333333333
0 0.8776041666666666 0.2682291666666667 0.11588541666666667 0.07161458333333333
0 0.4361979166666667 0.4140625 0.055989583333333336 0.20052083333333334
0 0.52734375 0.4166666666666667 0.10546875 0.203125
0 0.7552083333333334 0.26953125 0.10546875 0.06770833333333333
0 0.4348958333333333 0.26953125 0.053385416666666664 0.06770833333333333
0 0.4348958333333333 0.5625 0.048177083333333336 0.07552083333333333
0 0.5260416666666666 0.26953125 0.10286458333333333 0.06770833333333333