0 0.5078125 0.3255208333333333 0.09244791666666667 0.4713541666666667
0 0.8111979166666666 0.32421875 0.09114583333333333 0.4674479166666667
0 0.20572916666666666 0.32421875 0.08984375 0.4674479166666667
0 0.9817708333333334 0.32421875 0.036458333333333336 0.4713541666666667
0 0.6080729166666666 0.3255208333333333 0.09244791666666667 0.4713541666666667
0 0.0234375 0.3255208333333333 0.04296875 0.4713541666666667
0 0.3072916666666667 0.3255208333333333 0.09114583333333333 0.4713541666666667
0 0.10546875 0.32421875 0.08984375 0.4674479166666667
0 0.9114583333333334 0.3255208333333333 0.09375 0.4713541666666667
0 0.10546875 0.0390625 0.0859375 0.078125
0 0.4075520833333333 0.3216145833333333 0.09244791666666667 0.4713541666666667
0 0.6080729166666666 0.037760416666666664 0.09375 0.07552083333333333
0 0.3059895833333333 0.0390625 0.09114583333333333 0.078125
0 0.4075520833333333 0.037760416666666664 0.09244791666666667 0.07552083333333333
0 0.5065104166666666 0.037760416666666664 0.09244791666666667 0.07552083333333333
0 0.7096354166666666 0.3255208333333333 0.08984375 0.4713541666666667
0 0.9830729166666666 0.0390625 0.033854166666666664 0.078125
0 0.8072916666666666 0.0390625 0.08854166666666667 0.078125
0 0.20703125 0.037760416666666664 0.09114583333333333 0.07552083333333333