0 0.8763020833333334 0.4609375 0.09244791666666667 0.25
0 0.6822916666666666 0.2643229166666667 0.09244791666666667 0.12109375
0 0.875 0.2682291666666667 0.09244791666666667 0.12109375
0 0.7786458333333334 0.2643229166666667 0.08984375 0.12109375
0 0.9518229166666666 0.3841145833333333 0.036458333333333336 0.41015625
0 0.5859375 0.265625 0.08984375 0.11848958333333333
0 0.68359375 0.3984375 0.08984375 0.125
0 0.7799479166666666 0.3958333333333333 0.08723958333333333 0.12109375
0 0.9583333333333334 0.5299479166666666 0.018229166666666668 0.125
0 0.9856770833333334 0.3802083333333333 0.028645833333333332 0.4388020833333333
0 0.7799479166666666 0.52734375 0.08723958333333333 0.11848958333333333
0 0.5859375 0.3958333333333333 0.08463541666666667 0.12109375
0 0.48828125 0.265625 0.08463541666666667 0.11848958333333333