0 0.8997395833333334 0.2890625 0.06380208333333333 0.4296875
0 0.7994791666666666 0.25390625 0.040364583333333336 0.32421875
0 0.9700520833333334 0.3294270833333333 0.057291666666666664 0.5390625
0 0.80078125 0.5716145833333334 0.04296875 0.265625
0 0.7395833333333334 0.23567708333333334 0.022135416666666668 0.2669270833333333
0 0.8971354166666666 0.024739583333333332 0.06380208333333333 0.049479166666666664
0 0.7057291666666666 0.048177083333333336 0.022135416666666668 0.09635416666666667
0 0.7434895833333334 0.4973958333333333 0.028645833333333332 0.22916666666666666
0 0.7122395833333334 0.22395833333333334 0.020833333333333332 0.23567708333333334
0 0.8984375 0.7213541666666666 0.06640625 0.4596354166666667
0 0.6302083333333334 0.20182291666666666 0.020833333333333332 0.15885416666666666
0 0.9674479166666666 0.78125 0.06510416666666667 0.421875
0 0.62890625 0.3815104166666667 0.0234375 0.16276041666666666
0 0.6380208333333334 0.0546875 0.020833333333333332 0.109375
0 0.8372395833333334 0.032552083333333336 0.032552083333333336 0.06510416666666667
0 0.5703125 0.18229166666666666 0.022135416666666668 0.09244791666666667
0 0.5950520833333334 0.3294270833333333 0.0234375 0.11067708333333333
0 0.5963541666666666 0.19140625 0.020833333333333332 0.12369791666666667
0 0.84375 0.6614583333333334 0.0390625 0.3815104166666667
0 0.66796875 0.21354166666666666 0.0234375 0.19791666666666666
0 0.8997395833333334 0.7291666666666666 0.06510416666666667 0.46875
0 0.6744791666666666 0.052083333333333336 0.020833333333333332 0.10286458333333333