0 0.01953125 0.4427083333333333 0.03515625 0.2630208333333333
0 0.1640625 0.453125 0.044270833333333336 0.2786458333333333
0 0.7395833333333334 0.31640625 0.08463541666666667 0.62890625
0 0.1015625 0.4635416666666667 0.0625 0.3138020833333333
0 0.37109375 0.4700520833333333 0.053385416666666664 0.18098958333333334
0 0.8177083333333334 0.3203125 0.03515625 0.6223958333333334
0 0.7408854166666666 0.8971354166666666 0.08463541666666667 0.19270833333333334
0 0.6588541666666666 0.6484375 0.044270833333333336 0.09375
0 0.23046875 0.3372395833333333 0.049479166666666664 0.6380208333333334
0 0.30859375 0.39453125 0.016927083333333332 0.3411458333333333
0 0.8880208333333334 0.32421875 0.10416666666666667 0.6471354166666666
0 0.53125 0.4114583333333333 0.01953125 0.3893229166666667
0 0.4778645833333333 0.4440104166666667 0.024739583333333332 0.2421875
0 0.4674479166666667 0.6145833333333334 0.045572916666666664 0.0703125
0 0.72265625 0.6901041666666666 0.046875 0.13020833333333334
0 0.5755208333333334 0.6328125 0.024739583333333332 0.08463541666666667
0 0.9830729166666666 0.3346354166666667 0.028645833333333332 0.6640625
0 0.6106770833333334 0.6380208333333334 0.032552083333333336 0.078125
0 0.8763020833333334 0.71875 0.12890625 0.13671875
0 0.6627604166666666 0.3059895833333333 0.040364583333333336 0.5885416666666666
0 0.60546875 0.30078125 0.0390625 0.5833333333333334
0 0.9856770833333334 0.8411458333333334 0.028645833333333332 0.30859375
0 0.5286458333333334 0.61328125 0.01953125 0.07291666666666667
0 0.5130208333333334 0.4088541666666667 0.018229166666666668 0.3268229166666667
0 0.21875 0.4791666666666667 0.032552083333333336 0.33203125
0 0.2708333333333333 0.3645833333333333 0.01953125 0.4778645833333333
0 0.8880208333333334 0.56640625 0.09895833333333333 0.14453125
0 0.7421875 0.6940104166666666 0.08723958333333333 0.14192708333333334
0 0.5911458333333334 0.7669270833333334 0.06770833333333333 0.15104166666666666
0 0.9231770833333334 0.94140625 0.045572916666666664 0.11197916666666667