0 0.8580729166666666 0.09895833333333333 0.2682291666666667 0.19791666666666666
0 0.6276041666666666 0.3580729166666667 0.16666666666666666 0.24739583333333334
0 0.8580729166666666 0.2942708333333333 0.2591145833333333 0.3190104166666667
0 0.6263020833333334 0.16276041666666666 0.171875 0.22526041666666666
0 0.48046875 0.23828125 0.10026041666666667 0.15104166666666666
0 0.3893229166666667 0.2903645833333333 0.0625 0.11458333333333333
0 0.8984375 0.6184895833333334 0.1640625 0.11067708333333333
0 0.4830729166666667 0.3854166666666667 0.09895833333333333 0.1796875
0 0.3880208333333333 0.41796875 0.06380208333333333 0.16536458333333334
0 0.33203125 0.4244791666666667 0.029947916666666668 0.11067708333333333
0 0.2799479166666667 0.3450520833333333 0.0234375 0.08203125
0 0.7682291666666666 0.5989583333333334 0.07291666666666667 0.08333333333333333
0 0.24479166666666666 0.3580729166666667 0.026041666666666668 0.059895833333333336
0 0.036458333333333336 0.46875 0.07291666666666667 0.15625
0 0.5703125 0.57421875 0.048177083333333336 0.06901041666666667
0 0.6822916666666666 0.58984375 0.057291666666666664 0.08203125
0 0.21354166666666666 0.4817708333333333 0.028645833333333332 0.16276041666666666
0 0.2799479166666667 0.4453125 0.02734375 0.08854166666666667
0 0.26171875 0.4921875 0.032552083333333336 0.17708333333333334
0 0.21354166666666666 0.37109375 0.026041666666666668 0.0546875
0 0.3893229166666667 0.5572916666666666 0.0625 0.13151041666666666
0 0.3359375 0.31640625 0.028645833333333332 0.09114583333333333
0 0.3255208333333333 0.5416666666666666 0.041666666666666664 0.11067708333333333
0 0.19791666666666666 0.3854166666666667 0.016927083333333332 0.05078125