0 0.7864583333333334 0.4752604166666667 0.11328125 0.3723958333333333
0 0.5260416666666666 0.48828125 0.08203125 0.4010416666666667
0 0.6888020833333334 0.5520833333333334 0.048177083333333336 0.22786458333333334
0 0.93359375 0.46875 0.05859375 0.3580729166666667
0 0.984375 0.47265625 0.029947916666666668 0.3684895833333333
0 0.24739583333333334 0.484375 0.045572916666666664 0.3736979166666667
0 0.6888020833333334 0.5013020833333334 0.0546875 0.33203125
0 0.3151041666666667 0.49609375 0.059895833333333336 0.2890625
0 0.421875 0.4765625 0.09635416666666667 0.37109375
0 0.18619791666666666 0.4830729166666667 0.0234375 0.48046875
0 0.6302083333333334 0.4700520833333333 0.036458333333333336 0.22786458333333334
0 0.07161458333333333 0.5924479166666666 0.06380208333333333 0.07552083333333333
0 0.6419270833333334 0.4791666666666667 0.05859375 0.37890625