0 0.4348958333333333 0.94140625 0.13671875 0.1171875
0 0.1796875 0.89453125 0.2890625 0.20572916666666666
0 0.2421875 0.7109375 0.23307291666666666 0.2890625
0 0.09114583333333333 0.5559895833333334 0.17838541666666666 0.3059895833333333
0 0.4479166666666667 0.6822916666666666 0.11848958333333333 0.2526041666666667
0 0.4401041666666667 0.86328125 0.13541666666666666 0.24479166666666666
0 0.12239583333333333 0.3502604166666667 0.23697916666666666 0.3059895833333333
0 0.3255208333333333 0.3671875 0.1484375 0.22265625
0 0.4596354166666667 0.5078125 0.08723958333333333 0.19401041666666666
0 0.6549479166666666 0.94921875 0.078125 0.09765625
0 0.6471354166666666 0.8580729166666666 0.08723958333333333 0.23828125
0 0.044270833333333336 0.8658854166666666 0.08854166666666667 0.2643229166666667
0 0.5651041666666666 0.9049479166666666 0.09505208333333333 0.18359375
0 0.7721354166666666 0.9361979166666666 0.059895833333333336 0.12239583333333333