0 0.296875 0.5442708333333334 0.125 0.2799479166666667
0 0.6263020833333334 0.5481770833333334 0.10677083333333333 0.2838541666666667
0 0.7369791666666666 0.546875 0.08333333333333333 0.28125
0 0.7356770833333334 0.3020833333333333 0.0859375 0.17838541666666666
0 0.6276041666666666 0.3059895833333333 0.10416666666666667 0.17057291666666666
0 0.4700520833333333 0.30859375 0.18489583333333334 0.16276041666666666
0 0.18619791666666666 0.5481770833333334 0.0546875 0.2838541666666667
0 0.296875 0.3046875 0.125 0.1796875
0 0.4700520833333333 0.5481770833333334 0.18489583333333334 0.2825520833333333
0 0.8268229166666666 0.5481770833333334 0.028645833333333332 0.2903645833333333
0 0.19010416666666666 0.3046875 0.052083333333333336 0.19661458333333334
0 0.44140625 0.5481770833333334 0.12760416666666666 0.28125
0 0.015625 0.5690104166666666 0.03125 0.2526041666666667
0 0.0390625 0.4544270833333333 0.078125 0.4856770833333333
0 0.9635416666666666 0.2669270833333333 0.0625 0.11848958333333333
0 0.8802083333333334 0.3033854166666667 0.0625 0.13932291666666666
0 0.9244791666666666 0.5169270833333334 0.14583333333333334 0.3515625
0 0.8203125 0.27734375 0.03125 0.22526041666666666
0 0.11458333333333333 0.5755208333333334 0.0625 0.23177083333333334