0 0.67578125 0.4166666666666667 0.052083333333333336 0.2682291666666667
0 0.6158854166666666 0.4166666666666667 0.052083333333333336 0.2682291666666667
0 0.5559895833333334 0.41796875 0.05078125 0.2643229166666667
0 0.24739583333333334 0.41796875 0.048177083333333336 0.2565104166666667
0 0.41796875 0.3893229166666667 0.03125 0.4505208333333333
0 0.9283854166666666 0.4036458333333333 0.033854166666666664 0.79296875
0 0.890625 0.3815104166666667 0.028645833333333332 0.7434895833333334
0 0.9713541666666666 0.4270833333333333 0.026041666666666668 0.8463541666666666
0 0.06510416666666667 0.4895833333333333 0.022135416666666668 0.4934895833333333
0 0.24348958333333334 0.4231770833333333 0.061197916666666664 0.58203125
0 0.8307291666666666 0.39453125 0.028645833333333332 0.58203125
0 0.76171875 0.4140625 0.018229166666666668 0.3997395833333333
0 0.3072916666666667 0.3802083333333333 0.020833333333333332 0.3541666666666667
0 0.8528645833333334 0.3880208333333333 0.020833333333333332 0.6458333333333334
0 0.0546875 0.4088541666666667 0.040364583333333336 0.8111979166666666
0 0.17057291666666666 0.4244791666666667 0.026041666666666668 0.2994791666666667
0 0.3502604166666667 0.3515625 0.07291666666666667 0.5963541666666666
0 0.7591145833333334 0.41015625 0.018229166666666668 0.3932291666666667
0 0.11979166666666667 0.359375 0.052083333333333336 0.6966145833333334
0 0.7838541666666666 0.4075520833333333 0.018229166666666668 0.4427083333333333
0 0.014322916666666666 0.3229166666666667 0.024739583333333332 0.203125
0 0.7513020833333334 0.41796875 0.015625 0.3645833333333333