0 0.4296875 0.5247395833333334 0.1484375 0.23958333333333334
0 0.58984375 0.5247395833333334 0.14453125 0.24479166666666666
0 0.26953125 0.5234375 0.14973958333333334 0.2421875
0 0.046875 0.53125 0.09244791666666667 0.3645833333333333
0 0.14453125 0.52734375 0.08203125 0.2955729166666667
0 0.87890625 0.5247395833333334 0.07291666666666667 0.2981770833333333
0 0.9635416666666666 0.53125 0.07291666666666667 0.359375
0 0.58984375 0.3515625 0.14322916666666666 0.07552083333333333
0 0.4296875 0.3515625 0.14973958333333334 0.07161458333333333
0 0.8763020833333334 0.3333333333333333 0.078125 0.10677083333333333
0 0.71875 0.3528645833333333 0.09114583333333333 0.078125
0 0.7174479166666666 0.5234375 0.0859375 0.2421875
0 0.26953125 0.3541666666666667 0.14973958333333334 0.07291666666666667
0 0.7981770833333334 0.3528645833333333 0.057291666666666664 0.07942708333333333
0 0.046875 0.2994791666666667 0.09375 0.12239583333333333
0 0.14453125 0.3294270833333333 0.08203125 0.11979166666666667
0 0.78515625 0.5234375 0.08203125 0.2421875