0 0.8854166666666666 0.4244791666666667 0.07942708333333333 0.4557291666666667
0 0.171875 0.4388020833333333 0.01953125 0.3697916666666667
0 0.02734375 0.4036458333333333 0.0546875 0.5442708333333334
0 0.9713541666666666 0.4127604166666667 0.057291666666666664 0.546875
0 0.48046875 0.4518229166666667 0.12760416666666666 0.3450520833333333
0 0.2825520833333333 0.4518229166666667 0.10807291666666667 0.3450520833333333
0 0.11067708333333333 0.4192708333333333 0.07942708333333333 0.4674479166666667
0 0.19401041666666666 0.44140625 0.05859375 0.3645833333333333
0 0.7044270833333334 0.4518229166666667 0.10546875 0.3450520833333333
0 0.59765625 0.4518229166666667 0.09765625 0.3450520833333333
0 0.3932291666666667 0.4518229166666667 0.10286458333333333 0.3450520833333333
0 0.7734375 0.4518229166666667 0.0234375 0.3450520833333333