0 0.6184895833333334 0.7239583333333334 0.052083333333333336 0.2421875
0 0.7291666666666666 0.7096354166666666 0.049479166666666664 0.10286458333333333
0 0.8697916666666666 0.5091145833333334 0.07421875 0.09114583333333333
0 0.7708333333333334 0.53515625 0.07161458333333333 0.09765625
0 0.9361979166666666 0.4908854166666667 0.06510416666666667 0.09114583333333333
0 0.9739583333333334 0.68359375 0.052083333333333336 0.08333333333333333
0 0.1484375 0.6197916666666666 0.08333333333333333 0.21614583333333334
0 0.20833333333333334 0.6341145833333334 0.046875 0.203125
0 0.37109375 0.6796875 0.04296875 0.13671875
0 0.5169270833333334 0.703125 0.029947916666666668 0.10026041666666667
0 0.2903645833333333 0.6614583333333334 0.033854166666666664 0.16145833333333334
0 0.3255208333333333 0.6692708333333334 0.044270833333333336 0.14453125
0 0.4830729166666667 0.69140625 0.029947916666666668 0.12239583333333333
0 0.58203125 0.5169270833333334 0.08463541666666667 0.055989583333333336
0 0.58203125 0.703125 0.0390625 0.09505208333333333
0 0.87109375 0.6901041666666666 0.03515625 0.07552083333333333
0 0.91796875 0.6888020833333334 0.0625 0.078125
0 0.6940104166666666 0.5338541666666666 0.036458333333333336 0.07161458333333333
0 0.16796875 0.15755208333333334 0.07421875 0.18619791666666666
0 0.2552083333333333 0.3190104166666667 0.04296875 0.16145833333333334