0 0.8333333333333334 0.18359375 0.15364583333333334 0.09635416666666667
0 0.6666666666666666 0.18619791666666666 0.15885416666666666 0.10026041666666667
0 0.8346354166666666 0.609375 0.15104166666666666 0.10416666666666667
0 0.8346354166666666 0.39453125 0.15625 0.296875
0 0.33203125 0.3932291666666667 0.15625 0.2994791666666667
0 0.328125 0.609375 0.15364583333333334 0.11848958333333333
0 0.5026041666666666 0.60546875 0.15885416666666666 0.1171875
0 0.16536458333333334 0.6067708333333334 0.15104166666666666 0.10677083333333333
0 0.33203125 0.18359375 0.15625 0.09635416666666667
0 0.16536458333333334 0.18619791666666666 0.15625 0.10026041666666667
0 0.6666666666666666 0.3932291666666667 0.15885416666666666 0.29296875
0 0.17578125 0.39453125 0.18229166666666666 0.296875
0 0.6692708333333334 0.609375 0.15364583333333334 0.11848958333333333
0 0.5 0.390625 0.15885416666666666 0.296875
0 0.5 0.18359375 0.15885416666666666 0.09635416666666667