0 0.5989583333333334 0.453125 0.09635416666666667 0.3424479166666667
0 0.3932291666666667 0.4518229166666667 0.09375 0.3385416666666667
0 0.88671875 0.4244791666666667 0.07942708333333333 0.47265625
0 0.2838541666666667 0.4557291666666667 0.10546875 0.3424479166666667
0 0.11067708333333333 0.41796875 0.07942708333333333 0.4700520833333333
0 0.9713541666666666 0.40625 0.057291666666666664 0.5572916666666666
0 0.4973958333333333 0.45703125 0.09244791666666667 0.3385416666666667
0 0.026041666666666668 0.3997395833333333 0.052083333333333336 0.5559895833333334
0 0.19791666666666666 0.4505208333333333 0.046875 0.3645833333333333
0 0.7760416666666666 0.4518229166666667 0.0234375 0.3450520833333333
0 0.7057291666666666 0.45703125 0.09895833333333333 0.3385416666666667
0 0.70703125 0.45703125 0.09765625 0.3385416666666667