0 0.09895833333333333 0.4075520833333333 0.06640625 0.328125
0 0.8919270833333334 0.4401041666666667 0.07552083333333333 0.17057291666666666
0 0.6145833333333334 0.42578125 0.0859375 0.19270833333333334
0 0.23307291666666666 0.4140625 0.033854166666666664 0.2734375
0 0.2877604166666667 0.41796875 0.029947916666666668 0.24348958333333334
0 0.6979166666666666 0.4283854166666667 0.06770833333333333 0.18619791666666666
0 0.3333333333333333 0.421875 0.029947916666666668 0.23046875
0 0.4322916666666667 0.43359375 0.0625 0.20963541666666666
0 0.8033854166666666 0.4700520833333333 0.0859375 0.10546875
0 0.8919270833333334 0.5950520833333334 0.07421875 0.12760416666666666
0 0.8177083333333334 0.5950520833333334 0.06510416666666667 0.12760416666666666
0 0.3736979166666667 0.4270833333333333 0.033854166666666664 0.21614583333333334
0 0.19661458333333334 0.4075520833333333 0.01953125 0.28125
0 0.5026041666666666 0.4192708333333333 0.033854166666666664 0.21484375
0 0.49609375 0.390625 0.0390625 0.28125