0 0.453125 0.4752604166666667 0.125 0.6848958333333334
0 0.5729166666666666 0.4661458333333333 0.0625 0.41796875
0 0.64453125 0.4817708333333333 0.044270833333333336 0.3151041666666667
0 0.15104166666666666 0.4127604166666667 0.2578125 0.8177083333333334
0 0.6888020833333334 0.484375 0.026041666666666668 0.23958333333333334
0 0.3203125 0.4505208333333333 0.07161458333333333 0.7864583333333334
0 0.83984375 0.70703125 0.15104166666666666 0.18619791666666666
0 0.7239583333333334 0.4908854166666667 0.026041666666666668 0.18229166666666666
0 0.11328125 0.8958333333333334 0.19140625 0.20833333333333334
0 0.8828125 0.59375 0.057291666666666664 0.08463541666666667
0 0.9596354166666666 0.4283854166666667 0.07942708333333333 0.11979166666666667