0 0.7278645833333334 0.484375 0.09635416666666667 0.53515625
0 0.9440104166666666 0.4856770833333333 0.09895833333333333 0.5390625
0 0.5169270833333334 0.484375 0.10026041666666667 0.5416666666666666
0 0.4088541666666667 0.4856770833333333 0.10286458333333333 0.5325520833333334
0 0.30078125 0.4830729166666667 0.09765625 0.5390625
0 0.8346354166666666 0.09765625 0.1015625 0.1953125
0 0.2994791666666667 0.09765625 0.09895833333333333 0.1953125
0 0.6223958333333334 0.484375 0.09635416666666667 0.53515625
0 0.62109375 0.09635416666666667 0.09635416666666667 0.19270833333333334
0 0.8359375 0.4869791666666667 0.09895833333333333 0.53515625
0 0.19661458333333334 0.09765625 0.09635416666666667 0.1953125
0 0.9427083333333334 0.10026041666666667 0.10026041666666667 0.19921875
0 0.515625 0.09635416666666667 0.09895833333333333 0.19270833333333334
0 0.7265625 0.09635416666666667 0.09895833333333333 0.19270833333333334
0 0.4075520833333333 0.09765625 0.10416666666666667 0.19140625