0 0.6588541666666666 0.3958333333333333 0.14973958333333334 0.7291666666666666
0 0.5572916666666666 0.43359375 0.029947916666666668 0.4908854166666667
0 0.23177083333333334 0.4765625 0.0546875 0.19140625
0 0.5104166666666666 0.4388020833333333 0.044270833333333336 0.42578125
0 0.8776041666666666 0.4635416666666667 0.23958333333333334 0.9140625
0 0.3984375 0.4713541666666667 0.020833333333333332 0.23828125
0 0.4869791666666667 0.4505208333333333 0.020833333333333332 0.3697916666666667
0 0.3111979166666667 0.4765625 0.044270833333333336 0.17708333333333334
0 0.3359375 0.4739583333333333 0.020833333333333332 0.17578125
0 0.19140625 0.4739583333333333 0.01171875 0.20052083333333334
0 0.3802083333333333 0.4791666666666667 0.018229166666666668 0.20572916666666666
0 0.17317708333333334 0.4388020833333333 0.020833333333333332 0.3125