0 0.875 0.4036458333333333 0.059895833333333336 0.7916666666666666
0 0.1328125 0.4088541666666667 0.05859375 0.7447916666666666
0 0.6692708333333334 0.4635416666666667 0.13151041666666666 0.5143229166666666
0 0.9622395833333334 0.4348958333333333 0.07552083333333333 0.85546875
0 0.8072916666666666 0.40234375 0.040364583333333336 0.65625
0 0.045572916666666664 0.43359375 0.07682291666666667 0.8580729166666666
0 0.76171875 0.4231770833333333 0.02734375 0.5611979166666666
0 0.4817708333333333 0.4713541666666667 0.21614583333333334 0.15885416666666666
0 0.19270833333333334 0.4322916666666667 0.03125 0.625
0 0.3072916666666667 0.46484375 0.109375 0.5078125
0 0.23046875 0.4296875 0.022135416666666668 0.53125
0 0.875 0.4049479166666667 0.057291666666666664 0.7890625
0 0.4192708333333333 0.6158854166666666 0.09505208333333333 0.11979166666666667
0 0.4895833333333333 0.6002604166666666 0.040364583333333336 0.10286458333333333