0 0.19661458333333334 0.484375 0.09635416666666667 0.55078125
0 0.19921875 0.09635416666666667 0.09375 0.1875
0 0.3033854166666667 0.1015625 0.09635416666666667 0.20052083333333334
0 0.40625 0.1015625 0.10026041666666667 0.20052083333333334
0 0.8372395833333334 0.1015625 0.10026041666666667 0.20052083333333334
0 0.2994791666666667 0.4817708333333333 0.09505208333333333 0.5455729166666666
0 0.9427083333333334 0.10026041666666667 0.09895833333333333 0.19921875
0 0.9453125 0.4817708333333333 0.09895833333333333 0.5572916666666666
0 0.4049479166666667 0.48046875 0.09765625 0.5442708333333334
0 0.7265625 0.4830729166666667 0.09244791666666667 0.546875
0 0.51171875 0.484375 0.09114583333333333 0.54296875
0 0.7291666666666666 0.10286458333333333 0.09765625 0.20182291666666666
0 0.515625 0.10286458333333333 0.09895833333333333 0.20182291666666666
0 0.8333333333333334 0.4830729166666667 0.09765625 0.5546875
0 0.6171875 0.4791666666666667 0.09244791666666667 0.5481770833333334
0 0.62109375 0.10416666666666667 0.09765625 0.20442708333333334
0 0.2760416666666667 0.3802083333333333 0.2552083333333333 0.7604166666666666