0 0.6692708333333334 0.6067708333333334 0.15885416666666666 0.11458333333333333
0 0.66796875 0.3932291666666667 0.15625 0.29296875
0 0.8346354166666666 0.3932291666666667 0.15625 0.29296875
0 0.8346354166666666 0.6067708333333334 0.15104166666666666 0.10677083333333333
0 0.16276041666666666 0.6067708333333334 0.15104166666666666 0.10677083333333333
0 0.1640625 0.18229166666666666 0.15885416666666666 0.10026041666666667
0 0.3268229166666667 0.39453125 0.140625 0.296875
0 0.5130208333333334 0.3932291666666667 0.1328125 0.29296875
0 0.16276041666666666 0.39453125 0.15625 0.296875
0 0.5013020833333334 0.609375 0.15625 0.10416666666666667
0 0.66796875 0.18098958333333334 0.15625 0.09635416666666667
0 0.4986979166666667 0.18229166666666666 0.15625 0.10026041666666667
0 0.8359375 0.18229166666666666 0.15364583333333334 0.10026041666666667
0 0.296875 0.60546875 0.08723958333333333 0.11067708333333333
0 0.3346354166666667 0.18098958333333334 0.15625 0.09635416666666667
0 0.3776041666666667 0.609375 0.053385416666666664 0.11067708333333333