0 0.5104166666666666 0.4479166666666667 0.15364583333333334 0.5598958333333334
0 0.6614583333333334 0.4479166666666667 0.12890625 0.5625
0 0.3567708333333333 0.4401041666666667 0.1328125 0.546875
0 0.21223958333333334 0.44921875 0.13541666666666666 0.56640625
0 0.8046875 0.4505208333333333 0.1328125 0.5677083333333334
0 0.9518229166666666 0.5598958333333334 0.052083333333333336 0.4739583333333333
0 0.21354166666666666 0.7018229166666666 0.1328125 0.09114583333333333
0 0.9544270833333334 0.19401041666666666 0.052083333333333336 0.2786458333333333
0 0.9505208333333334 0.73828125 0.046875 0.09375
0 0.51953125 0.6783854166666666 0.12890625 0.10416666666666667
0 0.8893229166666666 0.24739583333333334 0.018229166666666668 0.21354166666666666
0 0.3645833333333333 0.6901041666666666 0.13541666666666666 0.0703125
0 0.8893229166666666 0.52734375 0.020833333333333332 0.34765625
0 0.059895833333333336 0.5859375 0.1171875 0.56640625
0 0.9544270833333334 0.42578125 0.06510416666666667 0.7421875