0 0.4114583333333333 0.421875 0.1171875 0.4856770833333333
0 0.5234375 0.4361979166666667 0.08723958333333333 0.4361979166666667
0 0.6119791666666666 0.4440104166666667 0.06901041666666667 0.3958333333333333
0 0.6861979166666666 0.4479166666666667 0.057291666666666664 0.3606770833333333
0 0.7447916666666666 0.4583333333333333 0.046875 0.33984375
0 0.796875 0.4622395833333333 0.037760416666666664 0.3033854166666667
0 0.9166666666666666 0.47265625 0.03515625 0.24609375
0 0.5520833333333334 0.5130208333333334 0.026041666666666668 0.07552083333333333
0 0.61328125 0.5104166666666666 0.053385416666666664 0.07161458333333333
0 0.9075520833333334 0.4908854166666667 0.04296875 0.11848958333333333
0 0.9895833333333334 0.484375 0.01953125 0.23177083333333334
0 0.87109375 0.4947916666666667 0.0234375 0.10416666666666667
0 0.3190104166666667 0.4088541666666667 0.041666666666666664 0.4817708333333333