0 0.31640625 0.41015625 0.10677083333333333 0.4544270833333333
0 0.1171875 0.3606770833333333 0.23177083333333334 0.703125
0 0.4713541666666667 0.3111979166666667 0.041666666666666664 0.5130208333333334
0 0.41796875 0.4934895833333333 0.048177083333333336 0.19270833333333334
0 0.4153645833333333 0.3359375 0.04296875 0.1171875
0 0.5364583333333334 0.35546875 0.0234375 0.3802083333333333
0 0.3177083333333333 0.12369791666666667 0.10546875 0.2421875
0 0.4140625 0.1875 0.045572916666666664 0.3645833333333333
0 0.47265625 0.4986979166666667 0.03125 0.14713541666666666
0 0.4739583333333333 0.4518229166666667 0.033854166666666664 0.2421875
0 0.5729166666666666 0.3828125 0.018229166666666668 0.3203125
0 0.5104166666666666 0.3424479166666667 0.022135416666666668 0.4153645833333333
0 0.5494791666666666 0.4908854166666667 0.018229166666666668 0.10807291666666667
0 0.4713541666666667 0.044270833333333336 0.046875 0.08723958333333333